0.0000
4768607734813.0000
1000150.0000
1000006.0000
1000436.0000
999786.0000
3999718.0000
3000285.0000
999587.0000
1000132.0000
1000144.0000
999766.0000
1000213.0000
999853.0000
1000106.0000
1000147.0000
999843.0000
999976.0000
1000115.0000
1000370.0000
999584.0000
1000165.0000
999698.0000
1000083.0000
999897.0000
1000090.0000
1000300.0000
999907.0000
999729.0000
999990.0000
1000283.0000
999682.0000
1000219.0000
1000409.0000
999483.0000
1000386.0000
999643.0000
2000071.0000
999769.0000
1000168.0000
2000177.0000
999735.0000
1000155.0000
999925.0000
1000184.0000
999589.0000
1000335.0000
1000011.0000
1999918.0000
2000141.0000
999641.0000
1000100.0000
1000165.0000
2999799.0000
1000235.0000
999689.0000
1000463.0000
999664.0000
999996.0000
1000166.0000
999906.0000
1000315.0000
1999574.0000
1000135.0000
999990.0000
1000187.0000
1999720.0000
2000088.0000
1000044.0000
999659.0000
1000051.0000
1000414.0000
999699.0000
999954.0000
2000025.0000
1000405.0000
1999484.0000
1000410.0000
999670.0000
1000034.0000
1000307.0000
999942.0000
999819.0000
1000177.0000
999634.0000
1000456.0000
999790.0000
999973.0000
1000183.0000
999639.0000
1000514.0000
999706.0000
999809.0000
1000075.0000
1000043.0000
1000113.0000
999784.0000
1000322.0000
999690.0000
2000029.0000
999892.0000
1000143.0000
999869.0000
1000083.0000
1000128.0000
1000256.0000
999771.0000
1000337.0000
1999461.0000
1000085.0000
999847.0000
1000436.0000
1999709.0000
999972.0000
2000005.0000
2000211.0000
999859.0000
1000107.0000
999762.0000
1000165.0000
1000070.0000
1000198.0000
999869.0000
999847.0000
999791.0000
1000259.0000
999924.0000
1000202.0000
999811.0000
1000261.0000
1000044.0000
999694.0000
1000313.0000
999693.0000
1000227.0000
999944.0000
999651.0000
2000200.0000
999904.0000
1000218.0000
999844.0000
1000246.0000
999899.0000
1999864.0000
1000197.0000
1000022.0000
1000015.0000
999640.0000
2000024.0000
2000038.0000
1000225.0000
999863.0000
2000180.0000
999715.0000
1999954.0000
999993.0000
1000143.0000
1000012.0000
1000296.0000
999908.0000
999759.0000
999768.0000
1000229.0000
999799.0000
1000291.0000
999709.0000
1000485.0000
999976.0000
999601.0000
1000172.0000
999764.0000
1999999.0000
1000303.0000
999847.0000
1000146.0000
1999942.0000
1000301.0000
999702.0000
2000189.0000
999685.0000
1000146.0000
1000145.0000
1000082.0000
999593.0000
1000445.0000
999713.0000
1000143.0000
999765.0000
1000264.0000
999882.0000
1000081.0000
1000142.0000
999552.0000
1000324.0000
1999642.0000
1000384.0000
160249.0000
839782.0000
999996.0000
999630.0000
999912.0000
1000478.0000
1000056.0000
1999618.0000
999950.0000
1000100.0000
1000195.0000
999771.0000
999959.0000
999978.0000
999989.0000
1000167.0000
1000023.0000
1000144.0000
1999847.0000
1000132.0000
1000084.0000
1999829.0000
1000080.0000
999835.0000
1000106.0000
1000148.0000
999737.0000
1000032.0000
1000174.0000
999924.0000
999948.0000
1000089.0000
999955.0000
1000145.0000
999967.0000
3000084.0000
1999536.0000
1000358.0000
999739.0000
999923.0000
1000003.0000
1000180.0000
999810.0000
1000129.0000
999791.0000
1000253.0000
999899.0000
2000041.0000
1000215.0000
1000000.0000
999664.0000
1000021.0000
2000317.0000
1000232.0000
1000180.0000
999571.0000
999827.0000
1000134.0000
999789.0000
1000117.0000
1000102.0000
1000144.0000
999525.0000
2000229.0000
2000249.0000
999992.0000
999931.0000
999634.0000
1000141.0000
1000214.0000
999937.0000
999781.0000
999887.0000
1000260.0000
1000001.0000
999889.0000
1000113.0000
999999.0000
999957.0000
1000061.0000
1000229.0000
1999709.0000
999884.0000
999933.0000
1000305.0000
999963.0000
1000056.0000
999952.0000
999876.0000
1000047.0000
1000204.0000
999894.0000
1000143.0000
999988.0000
999746.0000
999907.0000
1000131.0000
2000092.0000
999786.0000
999846.0000
1000256.0000
999942.0000
1000086.0000
999865.0000
3000363.0000
1999617.0000
1000175.0000
999831.0000
1000039.0000
1000077.0000
1000196.0000
999909.0000
999966.0000
1000092.0000
999992.0000
999851.0000
1000139.0000
1000067.0000
1000163.0000
999449.0000
999999.0000
999979.0000
2000412.0000
999911.0000
999961.0000
1999870.0000
999910.0000
1000148.0000
999913.0000
1000337.0000
999631.0000
999897.0000
1000015.0000
1000474.0000
999586.0000
1000039.0000
1000131.0000
999864.0000
1000241.0000
999869.0000
1000198.0000
1000103.0000
999585.0000
1000258.0000
999919.0000
1000265.0000
1999594.0000
999966.0000
1000298.0000
1000015.0000
999626.0000
999977.0000
1000138.0000
1000148.0000
999958.0000
1000262.0000
999537.0000
1000231.0000
1000020.0000
1000077.0000
1000120.0000
999978.0000
1999621.0000
1000138.0000
1000169.0000
999852.0000
1000299.0000
999692.0000
1000352.0000
999622.0000
1000125.0000
1000168.0000
1000024.0000
1000362.0000
999759.0000
999778.0000
999881.0000
1999690.0000
1000411.0000
999557.0000
1000127.0000
1000305.0000
1999783.0000
999812.0000
1000108.0000
1000022.0000
1000214.0000
999850.0000
1000095.0000
999963.0000
999711.0000
1000354.0000
999805.0000
999984.0000
999854.0000
1000173.0000
999906.0000
1000125.0000
999967.0000
1000202.0000
1999710.0000
1000298.0000
1000082.0000
999741.0000
999823.0000
1000098.0000
999963.0000
1000254.0000
2999704.0000
1000131.0000
999884.0000
999972.0000
1000041.0000
1000458.0000
999675.0000
1000121.0000
1000069.0000
999953.0000
1000012.0000
999952.0000
1000097.0000
999995.0000
999704.0000
999907.0000
1000288.0000
999663.0000
1000456.0000
999792.0000
1000098.0000
1000101.0000
1000050.0000
999704.0000
999925.0000
1000204.0000
1000127.0000
999670.0000
1000263.0000
1000131.0000
1999904.0000
999752.0000
2000346.0000
999467.0000
1000354.0000
1000103.0000
999674.0000
1000425.0000
999631.0000
1000064.0000
1000197.0000
999600.0000
2000175.0000
1000117.0000
1000077.0000
1000011.0000
1000266.0000
999877.0000
999457.0000
2000146.0000
1000084.0000
1000133.0000
1000174.0000
999535.0000
1000082.0000
1000198.0000
999991.0000
999905.0000
1000257.0000
999540.0000
999968.0000
1000355.0000
1999952.0000
1000132.0000
999507.0000
1000475.0000
1999874.0000
999975.0000
999899.0000
1000212.0000
999838.0000
2000159.0000
1000424.0000
999685.0000
999821.0000
999765.0000
1000456.0000
1000102.0000
1999606.0000
1000234.0000
1000130.0000
1999551.0000
1000361.0000
999606.0000
1000004.0000
1000241.0000
999717.0000
999957.0000
1000398.0000
999676.0000
1000169.0000
1000088.0000
999668.0000
3000350.0000
999615.0000
